-1
64
174
44
39
0
0
113
52
19
117
103
117
196
31
174
86
60
23
5
125
125
86
5
166
114
37
44
6
41
100
151
41
77
43
0
167
0
43
37
44
0
151
37
37
156
117
151
5
151
196
125
5
100
167
44
94
35
140
97
0
39
43
19
174
71
29
86
52
79
196
5
100
197
140
44
167
37
135
151
77
26
131
6
48
30
37
151
44
60
97
135
123
89
41
86
44
41
97
174
5
39
131
0
125
38
132
103
117
35
60
110
134
5
39
103
15
5
11
86
89
140
154
151
41
60
167
26
5
29
43
37
103
147
60
41
70
41
6
17
37
110
23
128
41
57
83
41
94
86
174
0
6
44
89
77
60
156
86
5
71
6
156
103
35
167
5
5
39
110
41
57
6
193
0
23
128
67
43
48
41
60
140
35
156
110
31
103
48
17
113
77
124
5
167
28
37
39
35
6
