199
172 116
116 52
52 120
52 110
110 73
73 191
191 88
73 96
96 64
64 22
22 4
110 139
139 31
31 114
31 156
156 54
116 9
9 16
16 179
179 58
58 99
179 19
19 123
16 195
195 129
195 84
84 131
9 140
140 183
183 95
183 193
193 164
172 138
138 194
194 159
159 2
2 196
196 53
53 38
38 83
83 3
38 142
53 174
174 127
174 102
102 130
159 106
106 28
28 163
163 47
163 149
149 122
122 162
162 117
28 61
61 197
197 170
61 128
128 65
65 107
128 5
106 87
87 35
35 200
200 37
37 45
45 188
37 146
146 70
70 68
68 21
146 182
35 18
18 39
39 137
137 198
198 11
11 145
198 126
137 171
171 51
51 153
18 71
71 154
154 29
29 118
118 26
71 180
180 152
152 62
180 124
124 184
124 34
34 189
189 75
87 94
94 157
157 23
23 113
113 98
98 10
10 50
10 192
192 165
98 1
1 66
113 74
74 24
74 27
27 161
23 103
103 92
92 46
46 49
49 30
30 136
49 14
14 97
46 178
178 119
178 12
92 109
103 169
169 43
43 76
157 115
115 144
144 112
112 187
187 59
59 190
190 69
69 132
132 147
112 90
90 167
167 105
105 77
77 86
90 42
42 44
144 63
115 151
151 40
40 158
158 155
40 57
151 56
56 186
186 141
94 104
104 108
104 133
133 150
150 82
82 13
133 181
181 17
17 121
181 79
194 6
6 48
48 85
85 199
199 20
20 185
199 125
125 160
85 25
25 36
48 166
166 41
41 176
176 135
135 8
8 134
135 67
41 80
80 111
111 100
100 148
148 33
100 143
80 81
81 93
93 101
6 78
78 15
15 89
89 175
78 55
55 173
173 32
55 60
60 91
91 177
177 7
7 72
138 168
