1
100 500
35 78
17 34
41 89
40 60
22 98
16 53
23 70
44 80
6 61
12 77
17 51
70 75
37 73
58 98
93 95
2 54
15 41
59 77
21 29
2 67
45 86
59 68
36 96
27 61
33 34
0 19
40 97
33 67
9 33
5 75
59 84
43 78
40 65
25 86
29 59
27 45
3 50
11 27
14 63
44 77
40 92
20 23
2 64
0 6
49 91
69 72
58 87
32 72
10 49
20 72
57 88
19 74
24 61
33 61
32 64
14 92
18 83
26 93
48 83
27 86
9 72
79 84
3 47
20 58
25 48
31 76
17 84
45 96
43 96
57 70
36 68
79 88
7 56
16 94
11 33
22 23
10 62
11 28
26 95
25 39
5 12
58 79
72 84
19 78
28 84
50 64
67 83
21 38
40 96
63 90
33 53
0 92
66 86
26 38
58 93
23 37
33 66
5 57
58 91
44 89
16 33
52 99
10 74
23 84
28 94
79 96
2 36
12 79
23 27
65 67
24 94
63 96
17 56
55 91
4 99
8 48
75 84
24 36
4 84
64 71
16 62
65 86
41 76
57 80
25 56
45 81
2 53
45 76
1 50
64 84
45 72
21 80
26 81
53 54
60 88
6 77
78 93
50 52
35 47
66 90
35 38
28 50
43 48
89 95
80 97
49 59
13 46
20 61
61 72
82 85
3 13
55 67
4 47
14 19
11 72
36 79
7 9
28 76
22 57
17 41
18 72
31 38
12 91
2 18
38 45
1 8
1 66
9 64
4 15
74 99
31 51
67 92
63 65
47 95
4 22
83 89
60 68
0 18
35 83
27 56
23 88
53 67
53 95
42 98
46 81
34 54
2 30
28 32
10 36
1 5
16 30
9 59
74 91
59 74
15 70
48 60
4 62
2 3
13 41
27 49
60 76
11 92
3 48
1 74
17 85
14 22
24 43
27 64
3 15
3 6
11 45
45 61
28 86
45 97
21 79
1 79
6 93
47 52
67 91
14 18
54 63
40 69
43 92
58 83
55 98
26 71
75 83
3 46
2 68
38 96
76 91
60 91
18 24
62 66
42 66
68 83
83 93
30 96
4 82
18 87
32 97
19 75
1 82
0 15
20 66
5 99
54 60
8 71
22 50
5 46
18 25
13 72
1 29
68 75
19 40
56 91
8 60
12 55
10 11
3 7
22 39
22 51
68 91
36 50
4 68
43 55
29 63
43 64
30 77
61 78
45 78
48 92
35 75
60 84
51 82
17 30
10 76
45 75
87 95
19 46
40 64
49 81
44 95
24 39
2 37
39 76
95 99
10 82
34 92
62 77
3 79
37 85
18 54
66 87
10 34
5 42
7 30
44 45
9 67
79 91
79 85
28 41
90 97
16 77
19 98
1 13
2 24
12 15
82 97
9 52
8 74
69 89
23 89
56 79
14 43
15 85
32 37
8 88
4 44
30 54
12 53
9 41
46 64
37 84
70 92
13 95
63 99
25 28
72 73
12 68
39 58
8 52
48 53
59 99
34 84
0 24
25 75
31 71
38 53
21 54
40 61
14 77
59 64
51 70
12 96
8 51
69 91
31 42
45 92
2 44
31 43
38 54
5 41
23 30
53 61
10 96
63 67
78 91
22 25
9 37
61 64
21 91
53 60
42 79
23 60
50 53
32 91
13 52
72 93
40 47
32 43
63 79
8 89
24 63
19 23
28 98
62 81
22 54
34 76
12 83
78 92
7 81
0 49
57 72
39 64
26 99
4 97
39 96
27 32
36 51
15 18
8 66
74 86
2 71
58 64
66 88
23 45
6 62
31 70
20 95
25 45
72 97
6 35
72 88
9 23
60 74
30 89
11 19
1 63
5 18
23 94
18 41
75 85
39 85
48 56
32 74
23 86
11 46
26 75
35 80
40 68
20 42
29 48
81 94
40 58
26 61
44 57
19 29
10 59
25 90
55 94
43 62
49 70
34 41
20 25
15 87
27 48
24 49
8 77
29 39
0 4
20 46
77 88
23 61
32 95
3 69
42 58
41 63
10 29
70 96
34 94
56 84
55 79
5 49
66 93
53 90
25 93
31 74
1 85
41 42
21 41
5 24
46 66
59 98
25 92
51 90
49 63
38 94
27 34
19 56
35 37
12 41
0 84
3 83
39 77
11 67
50 76
22 71
42 94
7 10
17 48
42 86
0 33
13 30
22 93
34 50
44 63
39 44
9 35
20 70
85 99
0 11
13 40
27 98
57 69
5 63
17 79
25 71
79 87
54 58
0