2
200 1000
3 141
156 185
18 135
172 190
32 136
44 163
28 145
91 163
4 104
18 173
89 134
4 117
135 187
7 193
40 93
4 78
78 137
8 31
149 194
4 145
106 161
41 118
7 85
70 154
35 77
19 36
105 106
28 56
42 99
70 197
68 180
77 145
122 149
28 88
36 111
26 152
56 96
18 85
72 174
81 188
0 137
44 167
46 164
32 65
52 154
108 145
91 122
10 184
32 64
6 75
2 63
76 116
30 164
24 182
7 36
94 128
18 89
88 155
161 197
39 44
52 80
93 118
90 116
0 60
56 76
97 154
34 91
11 162
48 172
5 132
78 163
51 82
13 36
71 199
133 197
6 175
29 103
56 127
110 198
2 121
34 76
84 122
75 187
73 75
115 147
68 145
28 120
1 54
3 16
179 192
65 122
20 149
58 138
133 144
32 179
6 58
53 196
93 120
16 144
54 76
11 76
2 156
12 144
52 186
61 94
69 76
21 43
47 105
37 121
98 102
0 87
33 97
115 125
42 80
44 165
45 104
19 152
130 165
139 149
0 22
11 168
11 155
86 195
13 69
0 46
161 191
31 105
97 151
25 146
46 115
9 186
3 154
20 87
1 61
99 136
14 194
49 71
25 84
82 113
22 133
65 144
137 196
126 159
56 196
37 116
132 145
50 115
80 110
64 143
76 135
16 158
55 180
56 146
103 167
95 97
24 158
8 44
16 187
79 180
139 174
108 122
22 164
33 109
89 172
56 91
71 155
26 51
71 194
0 125
51 153
65 128
43 173
29 189
55 158
17 157
54 147
115 161
27 188
46 120
31 149
82 175
36 120
17 128
18 20
52 95
111 125
145 189
69 120
41 89
123 198
8 61
130 198
128 155
129 175
36 62
83 123
12 180
16 24
148 189
41 113
155 188
18 170
60 70
42 167
68 119
24 180
120 164
56 107
127 189
49 114
37 171
147 170
3 33
21 187
18 193
38 152
139 179
7 118
29 145
122 170
60 109
40 129
140 169
144 177
92 171
132 152
174 189
72 124
82 149
101 140
80 134
93 159
146 164
123 124
120 167
45 75
117 147
7 97
151 154
152 165
54 97
141 190
94 110
112 177
42 141
8 130
64 89
150 177
95 157
95 105
82 195
17 183
0 73
17 71
47 166
57 197
9 168
69 154
68 76
5 117
80 107
73 196
25 107
72 169
83 195
131 160
138 156
23 102
60 152
131 138
58 146
36 138
117 171
103 133
13 161
9 147
13 15
105 153
8 191
98 177
29 190
143 183
66 123
48 138
51 69
145 172
13 153
60 170
94 198
104 127
120 198
40 185
128 147
21 52
70 146
43 147
87 188
44 137
87 148
61 186
132 199
38 189
17 166
17 63
69 70
75 196
162 187
45 68
6 98
178 197
35 100
178 182
4 140
0 190
5 174
22 106
47 184
13 48
44 197
37 192
59 159
56 83
4 136
49 86
104 194
21 46
104 162
90 119
147 172
77 168
52 142
29 76
68 151
3 121
51 72
59 115
49 196
52 152
39 81
135 141
19 35
96 182
118 198
52 146
76 120
117 148
27 158
113 137
2 196
15 180
104 184
33 198
67 91
13 38
73 113
122 180
63 165
39 94
131 172
58 99
119 186
31 107
105 196
86 168
79 146
110 152
7 156
2 24
36 143
80 140
15 198
24 157
96 138
81 168
23 140
71 84
6 96
101 146
58 177
34 185
87 151
66 192
116 195
28 59
61 133
108 157
127 162
64 196
108 112
34 115
21 131
45 72
182 186
7 167
73 86
107 172
3 198
10 162
154 167
3 89
84 167
98 127
102 154
89 124
103 157
123 174
23 135
49 117
16 197
116 126
133 174
63 86
54 159
140 187
4 100
19 104
11 192
22 79
45 181
105 179
143 154
27 157
63 111
6 74
177 191
1 37
4 55
150 173
23 141
50 93
70 190
105 145
112 122
190 194
40 101
28 150
96 183
49 151
55 134
11 48
38 83
99 165
137 180
21 22
82 102
66 146
5 96
2 58
16 174
39 176
19 59
46 165
20 144
180 199
160 168
69 161
19 167
53 150
36 155
11 113
7 61
60 133
45 191
83 97
19 84
31 152
78 141
119 121
68 118
191 195
57 131
79 187
10 87
32 190
167 190
16 193
117 127
22 171
73 85
16 157
4 82
14 169
33 124
163 192
94 129
98 123
21 149
46 88
55 76
46 125
37 63
95 182
2 139
83 115
63 139
46 96
52 90
110 159
24 30
83 101
160 188
78 88
110 111
38 116
16 98
60 183
42 121
147 180
12 141
134 170
41 136
97 199
94 174
74 94
56 165
5 93
98 199
34 139
179 191
119 161
37 47
31 68
0 171
85 110
167 179
9 48
16 139
11 123
79 107
47 76
43 107
141 176
98 179
33 75
41 172
133 198
21 132
68 174
23 164
3 112
34 42
2 163
14 23
18 64
43 142
95 121
1 141
117 119
9 174
141 147
34 179
84 198
112 131
16 38
67 180
102 144
102 125
34 140
62 190
2 38
71 129
75 90
82 123
187 196
34 43
29 65
100 179
81 96
58 130
12 162
14 185
21 36
11 70
62 180
89 175
21 168
6 139
24 145
159 193
63 146
59 140
34 177
99 174
111 172
145 157
90 114
20 150
19 86
124 135
109 183
42 76
132 142
3 52
126 169
140 189
16 145
117 144
53 166
0 127
10 173
105 193
56 130
80 189
86 158
74 108
40 164
0 170
15 174
42 78
52 149
152 197
77 197
4 128
142 193
135 193
106 150
11 126
66 145
68 124
79 100
80 85
174 192
108 171
55 69
62 137
76 182
103 190
4 62
49 65
49 103
2 90
31 198
29 162
125 140
82 183
22 31
92 138
63 80
56 159
114 156
198 199
27 139
28 57
16 138
142 148
22 185
14 16
82 118
6 93
145 194
80 125
38 55
59 124
31 121
14 156
15 135
147 197
19 79
34 126
126 199
150 196
36 199
35 109
141 181
53 96
72 99
89 105
4 121
139 140
27 94
57 75
28 105
100 104
61 180
51 175
45 108
15 69
29 194
49 136
11 180
85 126
54 100
54 171
61 144
97 169
70 161
27 163
114 136
17 58
99 169
170 194
48 131
10 163
68 163
62 162
140 193
105 155
139 141
145 165
65 181
79 138
54 135
44 129
173 183
89 122
23 152
153 198
30 80
143 185
14 148
129 144
79 148
42 131
31 157
119 123
34 82
82 141
45 192
50 67
32 159
158 192
118 150
136 162
74 115
105 180
36 181
16 76
4 109
36 65
121 131
70 76
67 112
23 25
55 108
29 101
78 185
117 197
40 109
120 156
163 171
3 117
20 96
72 84
20 134
120 176
54 85
74 144
128 185
32 156
150 180
31 139
22 39
125 153
179 198
47 158
138 171
134 145
47 83
175 190
20 44
115 159
11 164
52 53
169 198
19 38
130 150
13 154
46 95
14 142
117 195
38 54
104 146
24 52
64 100
57 128
34 130
71 117
71 158
142 144
14 104
24 127
40 139
86 183
66 134
19 111
20 179
147 171
142 152
97 180
159 161
132 174
2 8
79 80
20 25
41 179
154 193
36 127
56 173
32 91
62 94
51 110
42 79
101 174
73 103
169 179
3 25
49 79
147 148
86 169
30 140
165 167
128 138
5 15
13 66
56 195
59 102
132 172
17 167
35 45
8 175
23 145
30 188
129 173
89 185
65 97
73 163
30 88
127 173
61 100
178 181
151 187
158 172
106 181
9 194
74 156
145 182
56 118
33 52
58 199
104 149
17 48
124 148
77 183
40 188
41 181
14 76
105 113
104 116
159 162
125 192
84 140
25 197
26 132
45 99
154 164
50 100
133 173
71 148
43 47
142 161
21 146
31 99
2 153
74 128
13 120
131 188
25 104
30 175
72 102
70 148
7 173
74 170
137 191
183 199
91 114
23 105
10 196
35 164
28 156
56 140
169 173
146 153
82 162
67 197
3 37
43 92
44 50
31 193
76 151
16 194
112 190
113 116
113 118
18 90
24 59
101 173
38 184
153 174
141 146
51 178
151 179
45 193
9 124
85 109
120 168
121 183
24 48
118 191
73 144
14 98
72 164
78 129
19 139
19 165
129 187
91 178
3 96
132 175
40 176
138 174
17 105
99 197
7 50
4 58
46 76
114 190
104 138
129 158
49 183
67 136
106 156
62 81
61 195
111 196
31 103
82 116
34 122
23 54
131 199
153 176
152 181
33 98
75 118
84 107
40 106
47 82
26 120
136 190
0 52
107 119
19 85
47 141
24 96
12 133
99 190
61 105
18 195
9 172
20 41
19 182
96 123
129 159
121 122
6 143
100 192
49 192
131 176
65 117
15 121
15 27
5 17
121 149
120 180
29 36
132 181
79 174
32 36
10 121
57 180
91 168
120 170
61 64
4 199
116 181
37 196
72 132
86 90
95 110
33 126
74 86
137 152
2 69
33 199
80 186
15 145
143 191
17 185
3 100
146 148
186 189
323
27 61 139 70 83 97 178 132 130 198 49 147 112 159 95 54 114 19 36 19 67 172 32 69 88 77 103 93 175 42 30 4 116 33 142 22 153 99 97 130 155 138 181 25 88 118 161 51 126 107 194 96 171 12 177 84 104 31 10 30 26 62 157 124 78 145 185 142 187 185 175 184 196 29 70 76 76 114 129 126 54 6 28 175 89 4 39 21 4 178 116 98 74 2 50 80 198 61 153 160 94 132 50 4 172 38 115 97 98 31 17 135 9 13 86 136 128 181 165 117 62 65 158 81 15 130 5 158 84 14 146 99 112 18 156 116 171 106 139 161 15 181 59 179 70 116 153 140 94 187 162 31 40 169 2 29 110 102 179 100 121 85 131 49 191 95 106 93 52 146 69 29 18 38 24 197 130 121 156 168 160 184 199 191 62 197 199 92 20 149 112 30 138 140 145 9 40 50 7 170 176 78 68 137 122 53 9 104 99 124 45 61 90 149 78 125 184 72 86 113 182 43 146 135 25 101 56 1 189 195 8 26 91 185 41 151 5 136 40 174 137 33 20 129 6 125 119 6 134 15 160 188 69 165 127 138 53 89 79 54 168 64 151 174 91 32 129 118 140 39 11 187 121 68 189 13 142 54 15 28 36 121 149 76 56 10 80 159 137 174 114 43 83 5 119 154 157 134 187 165 151 1 110 132 148 101 158 104 150 48 157 72 176 124 3 48 42 163 29 75 175 186 5
