500
253 110
110 257
257 385
385 219
219 62
62 411
411 320
320 166
166 416
416 208
208 39
39 237
237 226
226 51
226 309
237 494
208 371
371 181
411 440
440 329
329 238
329 88
88 161
161 59
59 297
440 101
219 117
117 92
92 85
92 49
49 471
471 454
49 76
76 261
261 294
76 52
52 42
52 444
444 55
117 183
183 357
357 421
421 423
423 46
357 409
385 310
310 380
380 398
398 358
358 315
398 424
424 343
343 21
343 248
248 14
424 37
37 204
37 463
463 225
257 43
43 223
223 191
191 144
144 256
191 139
223 73
73 285
285 301
301 24
301 443
443 194
443 221
221 381
381 296
381 431
73 27
27 89
89 72
72 366
366 486
89 436
436 127
27 324
324 307
43 312
312 60
60 12
12 142
142 473
142 490
12 276
276 192
192 467
467 342
342 290
467 154
192 235
235 333
333 224
235 339
339 384
339 457
457 212
212 69
69 466
466 13
466 231
212 32
32 155
276 178
178 284
284 47
178 75
75 367
75 480
480 77
77 232
232 332
77 352
352 404
404 468
60 216
216 407
407 268
268 22
268 197
407 29
29 80
110 368
368 247
247 391
391 298
298 465
465 365
365 270
465 491
491 134
134 280
280 58
58 376
376 402
402 5
402 445
376 308
308 353
353 323
353 388
388 187
187 317
317 405
405 151
151 488
317 438
308 66
66 289
289 19
66 400
298 429
429 91
429 493
493 338
391 138
138 251
251 106
106 147
147 258
258 220
220 9
9 413
413 109
109 360
258 96
96 230
230 389
389 478
96 38
147 90
90 302
302 351
302 3
106 437
437 95
95 20
95 346
346 422
422 70
422 188
346 476
476 113
113 442
437 311
311 386
251 426
426 348
348 222
222 262
348 412
412 433
426 379
138 401
401 121
121 336
336 180
180 112
112 243
243 500
112 449
449 446
446 335
449 266
180 264
264 98
264 145
336 128
128 369
369 382
121 418
418 205
205 17
205 16
418 326
326 498
498 203
326 182
182 387
387 26
26 395
387 83
83 123
401 2
2 160
160 61
160 406
406 189
247 242
242 330
330 227
227 392
227 34
330 462
462 334
334 132
132 396
334 86
462 337
337 165
165 479
479 496
496 84
479 484
484 4
4 288
337 425
425 300
242 377
377 48
48 304
304 105
105 174
174 453
453 399
399 217
453 124
124 448
448 435
174 239
239 439
239 150
150 487
487 291
291 158
291 372
150 169
169 447
447 195
169 492
105 87
87 455
455 100
455 171
87 240
240 499
499 283
283 356
283 81
499 196
196 271
271 119
119 210
210 451
119 464
196 236
236 44
44 198
198 74
74 57
198 18
18 390
236 176
176 362
362 104
362 11
11 7
7 279
7 65
65 383
65 54
176 432
432 475
475 177
432 133
133 209
209 349
349 143
143 277
240 427
427 419
419 114
114 184
184 97
97 260
260 459
304 179
179 359
359 206
359 378
378 116
116 428
378 56
179 316
316 246
246 245
245 430
430 115
115 420
420 241
420 481
430 108
108 373
373 125
125 364
246 25
25 274
274 410
316 15
48 135
135 254
254 10
10 350
350 140
254 202
135 1
1 472
1 450
377 269
269 93
93 469
469 281
281 200
200 185
185 164
281 495
495 278
278 265
278 374
374 41
41 414
374 259
259 263
469 68
68 434
434 214
214 415
415 249
214 168
93 23
23 148
148 483
483 146
23 470
470 33
33 489
489 218
33 452
452 153
153 272
153 477
477 175
452 36
36 305
470 474
474 319
319 156
156 292
292 131
131 252
252 255
131 322
322 229
229 327
156 6
6 103
103 344
6 152
269 64
64 328
328 325
328 107
107 162
162 78
78 282
78 79
79 167
167 460
460 361
460 347
167 172
162 397
64 120
120 102
102 341
120 213
213 136
136 149
149 441
136 244
213 318
318 267
267 340
368 313
313 82
82 201
201 186
186 211
211 193
193 303
193 482
482 461
461 485
461 71
71 141
141 45
45 118
482 207
207 228
186 275
275 28
28 94
94 250
250 354
94 190
190 233
233 363
275 170
170 31
31 122
201 99
99 287
82 393
393 130
313 273
273 286
286 35
286 403
273 375
375 40
40 314
375 50
50 456
456 126
126 159
159 30
30 163
126 234
234 53
456 408
408 394
394 321
408 345
345 137
137 293
50 111
111 199
199 417
111 173
173 215
253 497
497 306
497 157
157 295
295 8
295 63
63 458
458 331
331 355
458 67
67 129
157 299
299 370
370 166