1
100 200
22 55
32 73
44 64
27 96
36 62
69 89
64 99
3 95
42 88
3 82
34 81
23 34
15 87
23 82
19 46
36 80
38 51
48 94
48 70
4 57
61 87
35 49
45 70
67 94
14 84
33 67
38 81
24 92
21 48
39 84
6 15
66 83
23 33
4 23
49 90
3 85
25 33
42 56
0 64
20 36
39 46
21 83
73 76
89 95
84 93
39 91
50 63
11 36
20 74
14 68
1 77
49 72
7 47
59 72
22 85
62 88
10 23
32 56
54 55
18 26
43 57
7 12
20 87
16 18
36 52
61 83
67 82
7 93
0 97
83 84
79 86
60 61
29 49
1 79
67 75
48 80
30 52
21 84
21 87
15 39
13 71
21 64
12 33
23 83
75 77
22 31
34 41
27 84
20 29
91 98
32 34
71 77
25 66
16 92
6 42
66 95
45 59
56 99
14 45
5 60
59 77
33 43
22 71
73 94
73 79
46 91
9 44
14 29
7 40
63 69
35 99
52 99
35 96
46 90
14 39
13 42
34 49
30 68
42 83
59 98
44 70
0 92
3 94
14 26
1 87
9 73
25 70
14 97
23 26
72 95
36 84
56 65
32 74
16 41
75 99
6 62
28 79
38 88
31 83
23 63
12 67
2 79
4 52
65 75
86 87
35 74
14 30
27 49
13 16
11 51
17 36
58 61
3 77
5 89
72 83
41 42
8 34
83 88
39 68
33 99
81 93
47 80
56 96
3 31
51 55
35 85
18 49
53 62
42 75
18 45
59 65
50 73
19 97
2 80
12 45
37 99
36 49
22 29
33 42
72 92
20 99
7 57
87 88
34 57
53 55
18 71
26 92
32 81
76 96
53 98
42 90
3 71
13 23
14 23
0 82
39 73
29 74
14 62
65 79
50 84
0