1
200 1000
27 197
8 17
58 182
9 120
40 78
167 197
137 169
19 49
40 145
161 194
88 97
15 63
54 101
107 181
190 197
39 114
112 183
97 100
106 122
5 159
66 129
121 140
93 189
2 191
18 181
163 169
97 112
41 144
43 178
41 97
121 183
56 160
125 189
79 140
14 66
57 161
9 145
38 104
124 192
80 184
12 13
2 38
64 166
116 136
114 140
13 72
8 137
142 194
89 120
132 186
53 181
59 147
52 153
3 129
113 181
168 199
89 93
110 130
135 178
167 194
42 57
63 115
147 198
23 142
163 172
38 196
164 176
166 167
155 169
23 89
90 121
84 150
48 174
0 37
5 100
35 183
89 199
38 92
15 97
6 172
50 196
12 73
7 113
23 163
116 157
45 76
55 67
116 153
44 121
90 149
34 63
45 162
73 153
59 90
40 184
32 181
114 165
71 159
57 121
64 174
69 111
88 132
136 195
124 148
64 149
29 66
69 122
91 187
77 155
38 71
14 76
19 153
76 105
4 53
46 59
58 119
69 149
23 166
6 28
10 130
55 56
15 23
2 70
0 5
6 138
75 113
30 78
89 154
24 64
155 182
38 105
33 100
57 148
79 114
102 145
50 182
50 89
90 116
84 171
37 77
80 112
30 107
141 190
112 162
130 181
95 132
40 124
140 147
75 152
20 30
14 150
62 94
65 198
87 197
31 46
47 191
139 191
3 106
45 70
24 78
88 121
158 171
88 168
54 144
21 153
59 190
91 135
108 137
23 175
31 151
65 169
32 56
140 182
22 88
53 142
67 69
36 68
20 33
47 75
9 42
78 171
100 144
6 86
20 74
156 157
128 164
9 109
22 153
50 180
96 145
115 179
7 109
77 80
57 171
5 128
108 120
32 191
9 160
53 110
13 44
16 27
52 87
164 179
45 160
13 179
69 175
40 44
27 180
99 174
95 176
110 185
13 163
45 92
31 72
27 159
36 88
5 117
76 191
110 132
5 166
151 156
5 19
5 167
54 167
108 156
53 113
5 71
123 164
53 109
89 191
185 189
96 141
21 68
86 95
42 199
103 107
115 117
157 160
95 137
44 88
136 141
65 123
71 87
3 199
129 154
18 96
23 109
28 78
58 96
17 139
54 191
6 199
13 95
26 161
78 83
46 117
51 172
63 158
183 195
58 188
58 132
10 32
72 100
38 40
22 54
1 64
28 33
119 130
30 145
100 121
21 125
120 162
70 123
37 43
163 188
168 173
76 115
12 28
120 189
61 169
22 150
135 169
17 70
50 82
39 61
60 89
146 163
30 101
160 199
26 127
4 145
127 189
89 150
39 158
32 98
167 193
182 191
139 161
96 188
114 146
83 168
104 125
53 100
86 131
94 96
154 163
108 117
23 197
55 99
94 115
22 147
56 94
123 151
104 145
23 81
99 157
109 126
138 172
133 152
102 131
79 151
101 134
67 83
2 174
127 197
97 170
154 158
115 197
25 133
1 184
2 56
31 186
6 89
8 115
87 175
49 97
37 86
53 121
52 174
9 104
90 97
127 153
101 188
95 188
93 164
15 116
59 65
66 146
149 166
2 94
48 188
158 182
1 70
24 163
4 17
18 133
48 167
97 98
30 100
120 191
41 94
109 110
65 104
45 74
15 24
16 191
2 53
7 50
11 118
9 121
33 159
141 156
52 68
9 54
3 73
41 124
83 146
82 198
82 131
106 160
35 164
38 70
70 196
29 129
28 178
140 144
33 39
47 179
78 175
17 189
3 24
0 60
19 156
70 176
152 179
121 190
106 119
158 184
113 198
96 164
112 149
75 143
45 121
36 95
62 193
99 121
103 187
36 129
146 177
74 148
63 87
73 165
29 51
34 184
83 195
61 110
61 105
128 187
13 52
19 102
64 165
64 134
15 22
98 122
17 60
112 134
153 180
106 132
16 72
57 179
58 127
110 169
17 39
17 137
127 169
24 166
66 154
82 190
45 156
11 16
66 176
91 177
20 171
169 195
130 132
37 39
131 168
75 112
42 133
67 86
67 177
187 198
30 162
56 157
29 170
57 145
112 118
168 180
67 112
36 149
103 163
47 151
46 54
47 101
40 100
100 115
26 61
6 103
78 187
111 195
119 177
1 192
161 186
7 67
109 191
40 182
57 168
16 86
76 167
102 153
4 140
112 169
44 75
73 197
162 192
24 62
35 87
117 156
55 141
184 199
13 175
48 196
80 157
111 114
5 60
60 110
57 98
33 180
86 149
126 167
56 132
118 139
15 142
60 125
5 48
100 163
9 197
9 11
68 194
124 157
78 186
120 197
60 181
110 141
40 97
69 143
40 133
5 52
15 27
31 154
0 41
9 19
149 181
8 23
98 102
170 179
33 153
20 198
6 161
133 145
90 161
113 127
34 36
91 185
148 171
132 162
44 153
8 49
114 157
131 164
113 132
4 135
99 111
104 181
52 163
76 158
135 189
41 170
138 181
111 133
86 158
45 198
152 180
54 146
138 166
86 119
12 168
20 181
42 186
119 126
66 135
91 172
102 185
22 104
132 185
118 133
92 123
29 41
58 112
88 194
44 147
94 101
50 160
53 58
112 123
93 101
48 144
37 196
42 124
59 97
12 24
159 161
78 135
47 159
78 133
29 178
1 114
88 94
102 111
13 117
21 184
115 159
23 178
115 121
79 184
42 151
132 187
119 176
56 183
15 174
69 198
33 40
128 159
48 84
147 170
64 99
54 112
68 120
87 151
120 184
20 125
79 90
65 71
33 137
71 160
8 95
86 147
63 98
19 113
67 76
140 159
182 192
61 140
12 117
70 76
88 98
57 184
34 43
36 180
102 172
34 59
26 163
64 163
41 180
35 57
59 160
50 57
58 139
22 55
138 179
42 138
186 199
14 133
20 50
120 160
22 70
76 172
48 179
141 161
8 111
32 44
26 107
68 182
72 74
124 166
44 55
9 102
138 184
88 188
31 81
17 67
97 172
69 102
90 154
45 90
124 159
4 39
32 152
16 30
10 50
9 33
5 193
10 117
9 46
3 23
66 171
56 147
115 175
13 198
77 191
44 151
92 142
51 58
35 109
107 188
82 108
51 162
38 43
39 101
108 177
23 48
101 110
9 142
55 106
165 186
41 137
48 97
157 179
90 98
44 86
21 24
36 167
21 28
0 151
84 198
7 28
60 166
13 196
6 152
51 125
46 197
4 107
79 168
39 197
28 125
169 199
54 113
33 77
20 154
12 145
160 197
57 78
20 172
24 184
103 132
53 123
7 47
150 174
175 180
13 58
20 195
74 91
66 120
80 137
85 169
14 119
63 169
129 146
128 168
88 102
116 154
11 94
75 188
78 189
120 126
66 190
104 149
33 56
28 57
123 182
11 103
128 176
191 195
36 85
48 75
38 54
1 63
74 140
49 151
94 148
66 107
9 62
23 152
173 193
61 115
115 146
44 178
91 173
8 173
69 188
30 85
103 156
92 149
33 90
22 86
104 183
107 190
107 157
13 146
41 147
18 23
86 161
135 137
26 150
164 165
174 193
93 153
62 146
140 166
31 40
63 180
16 167
8 172
35 110
4 141
152 165
18 55
113 190
38 95
70 166
150 178
178 188
68 96
12 72
101 149
70 155
26 37
19 63
58 64
44 170
88 156
120 148
125 196
25 114
115 137
18 110
8 181
70 164
57 112
114 178
50 125
128 143
92 148
29 42
32 41
23 75
45 65
64 106
143 182
44 96
26 34
136 189
3 44
146 186
58 166
16 70
110 142
93 178
52 144
8 132
96 186
60 134
156 184
3 146
101 140
37 140
155 197
11 178
14 31
131 147
108 179
75 153
66 106
80 144
156 162
0 6
110 111
14 188
176 191
45 79
22 145
105 189
9 99
25 72
25 162
121 168
103 115
61 69
17 161
34 163
86 128
39 168
39 43
33 81
47 62
5 23
155 185
55 91
130 138
59 162
31 96
0 103
121 194
19 198
130 165
4 29
93 195
0 35
115 118
112 155
143 177
63 176
41 135
51 102
50 184
100 161
78 98
65 94
36 169
147 194
31 175
133 147
28 195
30 150
27 44
30 186
20 34
8 52
23 123
41 174
32 114
39 67
43 62
26 81
100 107
42 74
92 111
121 137
26 180
107 141
165 189
23 40
6 83
116 192
44 198
24 197
103 110
0 174
39 172
12 167
31 59
120 170
161 193
40 188
69 79
9 167
84 121
188 195
83 182
88 93
22 154
28 155
8 68
20 45
17 50
69 154
101 158
38 107
122 154
3 172
80 87
30 173
68 148
14 18
101 128
40 170
106 150
20 178
162 163
8 104
35 198
3 81
110 197
40 62
62 135
31 117
60 156
74 106
123 166
58 140
88 104
98 198
7 152
40 162
14 34
84 193
127 198
130 194
5 113
20 90
37 131
96 98
118 169
110 199
13 132
56 191
37 44
65 158
61 198
46 49
43 130
70 136
53 150
20 156
165 167
75 98
137 160
13 83
59 76
80 145
0