2
100 200
62 91
2 33
6 98
25 63
30 61
73 97
16 29
46 65
3 38
18 49
25 93
14 94
70 99
0 61
8 34
24 42
21 67
51 90
11 87
22 81
12 56
40 96
23 31
17 62
9 52
5 20
36 37
19 67
59 79
84 88
32 35
20 35
30 62
42 44
2 46
22 77
5 38
23 71
15 74
37 78
10 48
74 93
3 17
54 57
11 62
32 61
4 29
65 68
28 30
59 92
47 82
69 72
9 97
7 25
46 66
11 15
29 66
39 79
28 79
15 53
19 86
46 52
4 73
3 73
19 46
58 74
66 83
28 29
12 59
70 92
21 36
0 26
10 93
13 28
11 71
29 96
32 47
65 82
34 79
40 48
15 17
21 78
63 90
10 53
19 75
71 95
18 80
7 56
44 52
64 91
53 84
48 61
46 82
75 98
13 59
33 70
10 52
51 97
20 97
68 88
20 58
23 99
38 74
14 36
51 69
46 74
16 83
12 22
67 94
23 67
31 48
0 39
9 76
17 52
39 89
37 71
51 74
15 25
13 52
20 84
18 89
33 47
24 48
60 84
6 82
0 77
85 87
50 83
10 11
11 39
7 36
55 71
16 91
25 69
44 94
61 78
60 86
10 18
19 92
8 48
7 81
62 77
75 89
79 91
46 79
34 91
77 91
48 49
17 40
14 95
9 92
23 51
83 94
2 13
5 22
76 95
29 81
5 57
35 69
75 90
30 63
57 64
28 55
6 22
48 95
11 74
47 67
59 94
19 48
19 45
12 63
19 55
18 61
40 90
0 80
24 34
44 54
30 78
31 65
58 61
17 89
28 56
8 46
63 76
10 70
19 44
34 43
5 48
45 57
9 54
81 82
28 73
52 94
52 96
11 51
75 93
62 79
25 78
4 51
32 53
61
0 64 8 2 81 68 94 12 80 4 15 37 63 99 29 4 94 96 51 79 22 49 95 76 64 52 12 54 59 7 86 68 18 36 2 48 77 4 80 49 11 64 39 8 26 3 36 61 17 39 71 13 25 54 78 18 6 25 62 47 92