2
100 500
49 89
9 38
81 84
57 97
42 58
52 56
62 97
62 80
68 82
25 61
38 62
28 39
66 72
24 54
78 91
21 77
26 78
15 44
38 67
11 16
42 71
20 95
70 90
10 29
39 72
46 92
20 67
4 64
1 28
42 69
0 92
11 67
13 21
37 38
2 29
51 84
29 99
32 56
52 82
59 69
2 27
4 52
25 65
29 93
37 81
41 70
5 15
21 65
44 92
21 87
16 95
87 91
48 77
41 47
45 68
75 97
29 62
24 90
42 55
43 48
15 47
17 35
14 76
43 81
2 49
29 30
0 55
58 61
0 58
23 73
22 48
21 95
36 75
2 42
3 47
3 74
45 75
9 12
31 72
10 57
19 24
70 85
7 68
72 89
24 38
53 94
46 73
13 33
53 86
55 59
45 59
30 62
3 65
6 94
46 78
22 69
66 71
30 97
0 68
20 84
3 66
18 68
3 26
58 68
2 86
11 21
50 76
6 50
19 84
4 92
3 90
88 95
36 77
24 70
7 71
11 37
32 39
38 65
15 60
1 7
53 64
7 57
30 35
58 81
57 72
73 86
17 89
89 95
45 90
0 86
72 92
31 84
28 80
5 27
93 99
3 63
46 61
2 23
40 42
3 89
39 47
48 97
41 52
18 92
10 76
12 43
33 80
18 26
37 76
6 80
38 73
27 97
11 18
5 85
35 73
31 44
69 79
79 83
6 87
16 73
78 87
47 78
13 58
23 34
4 39
31 93
4 55
31 73
21 72
19 46
4 56
28 51
34 99
41 46
19 98
48 73
11 48
35 83
43 64
74 81
6 45
47 92
68 84
76 86
67 79
25 29
1 89
85 99
23 91
18 97
24 56
47 75
12 29
10 26
26 96
48 84
19 69
9 76
13 35
8 26
89 93
23 26
24 95
55 87
20 24
29 85
55 90
53 63
18 62
47 97
14 53
37 43
20 31
65 85
25 92
32 62
1 79
12 37
59 86
42 95
48 55
14 30
18 82
38 89
24 84
82 98
16 76
8 13
57 77
45 92
34 76
68 98
4 23
90 96
75 91
58 74
10 14
53 65
8 87
45 69
70 95
9 25
12 99
24 37
22 49
14 34
0 57
53 68
11 82
68 74
19 80
76 77
24 58
16 83
7 82
39 64
30 48
40 88
91 96
12 94
27 84
35 40
45 94
41 56
10 78
8 10
39 94
63 66
6 13
33 60
31 79
54 96
6 53
29 83
36 91
40 98
37 91
61 90
51 87
31 56
2 11
11 77
61 78
33 84
10 28
43 84
32 85
29 90
95 98
11 43
43 75
2 15
40 54
52 71
37 39
30 86
49 64
34 46
89 94
25 37
53 72
6 18
14 50
43 59
21 56
33 58
47 84
40 95
10 66
25 66
30 36
4 36
54 87
4 89
88 97
87 88
10 79
25 27
3 58
49 93
30 80
34 48
21 27
10 55
23 89
26 91
8 49
0 28
11 24
37 94
79 88
72 90
12 80
18 43
95 96
28 99
32 69
52 53
25 91
49 59
33 42
26 70
49 81
2 69
2 35
49 92
76 79
8 39
18 86
33 36
0 11
8 31
54 57
57 74
55 69
65 79
49 50
18 44
0 99
57 86
41 81
50 88
22 99
15 70
29 92
25 88
54 64
31 88
2 36
31 90
4 94
73 77
90 92
12 42
10 13
57 60
18 23
49 54
47 86
15 63
13 47
17 29
5 78
1 74
28 58
58 96
20 85
28 54
33 75
1 62
13 41
81 87
41 65
83 90
18 84
36 50
16 96
38 99
52 86
3 41
13 81
44 86
59 96
12 52
9 85
30 71
13 78
24 98
76 95
21 22
42 82
22 41
13 96
32 44
48 50
71 92
24 25
67 77
35 41
5 92
14 15
7 15
9 42
33 74
36 88
4 46
17 88
40 58
25 57
7 76
28 53
38 79
37 49
29 96
60 79
75 96
17 45
43 47
19 25
22 65
49 98
35 55
26 64
13 48
83 99
17 97
53 96
57 94
92 95
34 92
7 50
39 97
31 43
89 99
26 75
28 91
55 74
20 98
37 58
75 86
15 88
57 73
18 28
30 85
37 75
0 76
12 86
90 95
52 63
20 52
2 45
2 32
9 81
3 43
17 31
17 27
69 94
22 82
42 56
2 39
34 89
1 98
55 85
70 98
0 25
50 91
66 99
15 75
37 72
18 20
19 70
72 97
23 68
17 99
43 83
73 91
16 39
18 93
8 23
12 51
195
87 62 86 31 34 78 91 41 52 34 62 64 35 0 90 26 60 64 54 10 43 30 29 30 71 10 25 6 95 37 64 15 56 85 22 24 68 67 4 47 44 85 15 10 98 18 27 94 62 57 28 99 38 59 66 82 85 64 57 9 47 44 0 60 18 45 58 65 20 10 86 72 75 23 45 62 97 87 62 33 65 60 30 57 36 71 42 93 81 18 6 64 62 93 48 7 19 32 78 53 64 41 76 46 45 27 38 51 3 12 16 33 94 97 77 79 64 32 33 79 8 19 42 41 30 60 34 4 52 11 29 84 91 80 94 64 88 54 53 38 28 90 39 65 45 91 59 67 64 75 44 83 94 79 17 32 27 22 49 57 11 55 74 84 76 63 32 67 54 99 27 22 10 3 48 1 37 50 74 74 36 76 88 8 83 31 87 15 96 38 61 22 56 28 68
